8
Min avg hop count = 2.6031747
9 41 13 45
9 41 13 46
9 41 13 53
9 41 13 54
9 41 14 45
9 41 14 46
9 41 14 53
9 41 14 54
9 41 21 45
9 41 21 46
9 41 21 53
9 41 21 54
9 41 22 45
9 41 22 46
9 41 22 53
9 41 22 54
9 42 13 45
9 42 13 46
9 42 13 53
9 42 13 54
9 42 14 45
9 42 14 46
9 42 14 53
9 42 14 54
9 42 21 45
9 42 21 46
9 42 21 53
9 42 21 54
9 42 22 45
9 42 22 46
9 42 22 53
9 42 22 54
9 49 13 45
9 49 13 46
9 49 13 53
9 49 13 54
9 49 14 45
9 49 14 46
9 49 14 53
9 49 14 54
9 49 21 45
9 49 21 46
9 49 21 53
9 49 21 54
9 49 22 45
9 49 22 46
9 49 22 53
9 49 22 54
9 50 13 45
9 50 13 46
9 50 13 53
9 50 13 54
9 50 14 45
9 50 14 46
9 50 14 53
9 50 14 54
9 50 21 45
9 50 21 46
9 50 21 53
9 50 21 54
9 50 22 45
9 50 22 46
9 50 22 53
9 50 22 54
10 41 13 45
10 41 13 46
10 41 13 53
10 41 13 54
10 41 14 45
10 41 14 46
10 41 14 53
10 41 14 54
10 41 21 45
10 41 21 46
10 41 21 53
10 41 21 54
10 41 22 45
10 41 22 46
10 41 22 53
10 41 22 54
10 42 13 45
10 42 13 46
10 42 13 53
10 42 13 54
10 42 14 45
10 42 14 46
10 42 14 53
10 42 14 54
10 42 21 45
10 42 21 46
10 42 21 53
10 42 21 54
10 42 22 45
10 42 22 46
10 42 22 53
10 42 22 54
10 49 13 45
10 49 13 46
10 49 13 53
10 49 13 54
10 49 14 45
10 49 14 46
10 49 14 53
10 49 14 54
10 49 21 45
10 49 21 46
10 49 21 53
10 49 21 54
10 49 22 45
10 49 22 46
10 49 22 53
10 49 22 54
10 50 13 45
10 50 13 46
10 50 13 53
10 50 13 54
10 50 14 45
10 50 14 46
10 50 14 53
10 50 14 54
10 50 21 45
10 50 21 46
10 50 21 53
10 50 21 54
10 50 22 45
10 50 22 46
10 50 22 53
10 50 22 54
17 41 13 45
17 41 13 46
17 41 13 53
17 41 13 54
17 41 14 45
17 41 14 46
17 41 14 53
17 41 14 54
17 41 21 45
17 41 21 46
17 41 21 53
17 41 21 54
17 41 22 45
17 41 22 46
17 41 22 53
17 41 22 54
17 42 13 45
17 42 13 46
17 42 13 53
17 42 13 54
17 42 14 45
17 42 14 46
17 42 14 53
17 42 14 54
17 42 21 45
17 42 21 46
17 42 21 53
17 42 21 54
17 42 22 45
17 42 22 46
17 42 22 53
17 42 22 54
17 49 13 45
17 49 13 46
17 49 13 53
17 49 13 54
17 49 14 45
17 49 14 46
17 49 14 53
17 49 14 54
17 49 21 45
17 49 21 46
17 49 21 53
17 49 21 54
17 49 22 45
17 49 22 46
17 49 22 53
17 49 22 54
17 50 13 45
17 50 13 46
17 50 13 53
17 50 13 54
17 50 14 45
17 50 14 46
17 50 14 53
17 50 14 54
17 50 21 45
17 50 21 46
17 50 21 53
17 50 21 54
17 50 22 45
17 50 22 46
17 50 22 53
17 50 22 54
18 41 13 45
18 41 13 46
18 41 13 53
18 41 13 54
18 41 14 45
18 41 14 46
18 41 14 53
18 41 14 54
18 41 21 45
18 41 21 46
18 41 21 53
18 41 21 54
18 41 22 45
18 41 22 46
18 41 22 53
18 41 22 54
18 42 13 45
18 42 13 46
18 42 13 53
18 42 13 54
18 42 14 45
18 42 14 46
18 42 14 53
18 42 14 54
18 42 21 45
18 42 21 46
18 42 21 53
18 42 21 54
18 42 22 45
18 42 22 46
18 42 22 53
18 42 22 54
18 49 13 45
18 49 13 46
18 49 13 53
18 49 13 54
18 49 14 45
18 49 14 46
18 49 14 53
18 49 14 54
18 49 21 45
18 49 21 46
18 49 21 53
18 49 21 54
18 49 22 45
18 49 22 46
18 49 22 53
18 49 22 54
18 50 13 45
18 50 13 46
18 50 13 53
18 50 13 54
18 50 14 45
18 50 14 46
18 50 14 53
18 50 14 54
18 50 21 45
18 50 21 46
18 50 21 53
18 50 21 54
18 50 22 45
18 50 22 46
18 50 22 53
18 50 22 54
