0 8 2 10  2.2666667
0 8 2 11  2.2666667
0 8 2 14  2.2666667
0 8 2 15  2.2666667
0 9 3 10  2.2666667
0 9 3 11  2.2666667
0 9 3 14  2.2666667
0 9 3 15  2.2666667
0 12 6 10  2.2666667
0 12 6 11  2.2666667
0 12 6 14  2.2666667
0 12 6 15  2.2666667
0 13 7 10  2.2666667
0 13 7 11  2.2666667
0 13 7 14  2.2666667
0 13 7 15  2.2666667
0 8 2 10  2.2666667
0 8 2 11  2.2666667
0 8 2 14  2.2666667
0 8 2 15  2.2666667
0 9 3 10  2.2666667
0 9 3 11  2.2666667
0 9 3 14  2.2666667
0 9 3 15  2.2666667
0 12 6 10  2.2666667
0 12 6 11  2.2666667
0 12 6 14  2.2666667
0 12 6 15  2.2666667
0 13 7 10  2.2666667
0 13 7 11  2.2666667
0 13 7 14  2.2666667
0 13 7 15  2.2666667
0 8 2 10  2.2666667
0 8 2 11  2.2666667
0 8 2 14  2.2666667
0 8 2 15  2.2666667
0 9 3 10  2.2666667
0 9 3 11  2.2666667
0 9 3 14  2.2666667
0 9 3 15  2.2666667
0 12 6 10  2.2666667
0 12 6 11  2.2666667
0 12 6 14  2.2666667
0 12 6 15  2.2666667
0 13 7 10  2.2666667
0 13 7 11  2.2666667
0 13 7 14  2.2666667
0 13 7 15  2.2666667
0 8 2 10  2.2666667
0 8 2 11  2.2666667
0 8 2 14  2.2666667
0 8 2 15  2.2666667
0 9 3 10  2.2666667
0 9 3 11  2.2666667
0 9 3 14  2.2666667
0 9 3 15  2.2666667
0 12 6 10  2.2666667
0 12 6 11  2.2666667
0 12 6 14  2.2666667
0 12 6 15  2.2666667
0 13 7 10  2.2666667
0 13 7 11  2.2666667
0 13 7 14  2.2666667
0 13 7 15  2.2666667
1 8 2 10  2.2666667
1 8 2 11  2.2666667
1 8 2 14  2.2666667
1 8 2 15  2.2666667
1 9 3 10  2.2666667
1 9 3 11  2.2666667
1 9 3 14  2.2666667
1 9 3 15  2.2666667
1 12 6 10  2.2666667
1 12 6 11  2.2666667
1 12 6 14  2.2666667
1 12 6 15  2.2666667
1 13 7 10  2.2666667
1 13 7 11  2.2666667
1 13 7 14  2.2666667
1 13 7 15  2.2666667
1 8 2 10  2.2666667
1 8 2 11  2.2666667
1 8 2 14  2.2666667
1 8 2 15  2.2666667
1 9 3 10  2.2666667
1 9 3 11  2.2666667
1 9 3 14  2.2666667
1 9 3 15  2.2666667
1 12 6 10  2.2666667
1 12 6 11  2.2666667
1 12 6 14  2.2666667
1 12 6 15  2.2666667
1 13 7 10  2.2666667
1 13 7 11  2.2666667
1 13 7 14  2.2666667
1 13 7 15  2.2666667
1 8 2 10  2.2666667
1 8 2 11  2.2666667
1 8 2 14  2.2666667
1 8 2 15  2.2666667
1 9 3 10  2.2666667
1 9 3 11  2.2666667
1 9 3 14  2.2666667
1 9 3 15  2.2666667
1 12 6 10  2.2666667
1 12 6 11  2.2666667
1 12 6 14  2.2666667
1 12 6 15  2.2666667
1 13 7 10  2.2666667
1 13 7 11  2.2666667
1 13 7 14  2.2666667
1 13 7 15  2.2666667
1 8 2 10  2.2666667
1 8 2 11  2.2666667
1 8 2 14  2.2666667
1 8 2 15  2.2666667
1 9 3 10  2.2666667
1 9 3 11  2.2666667
1 9 3 14  2.2666667
1 9 3 15  2.2666667
1 12 6 10  2.2666667
1 12 6 11  2.2666667
1 12 6 14  2.2666667
1 12 6 15  2.2666667
1 13 7 10  2.2666667
1 13 7 11  2.2666667
1 13 7 14  2.2666667
1 13 7 15  2.2666667
4 8 2 10  2.2666667
4 8 2 11  2.2666667
4 8 2 14  2.2666667
4 8 2 15  2.2666667
4 9 3 10  2.2666667
4 9 3 11  2.2666667
4 9 3 14  2.2666667
4 9 3 15  2.2666667
4 12 6 10  2.2666667
4 12 6 11  2.2666667
4 12 6 14  2.2666667
4 12 6 15  2.2666667
4 13 7 10  2.2666667
4 13 7 11  2.2666667
4 13 7 14  2.2666667
4 13 7 15  2.2666667
4 8 2 10  2.2666667
4 8 2 11  2.2666667
4 8 2 14  2.2666667
4 8 2 15  2.2666667
4 9 3 10  2.2666667
4 9 3 11  2.2666667
4 9 3 14  2.2666667
4 9 3 15  2.2666667
4 12 6 10  2.2666667
4 12 6 11  2.2666667
4 12 6 14  2.2666667
4 12 6 15  2.2666667
4 13 7 10  2.2666667
4 13 7 11  2.2666667
4 13 7 14  2.2666667
4 13 7 15  2.2666667
4 8 2 10  2.2666667
4 8 2 11  2.2666667
4 8 2 14  2.2666667
4 8 2 15  2.2666667
4 9 3 10  2.2666667
4 9 3 11  2.2666667
4 9 3 14  2.2666667
4 9 3 15  2.2666667
4 12 6 10  2.2666667
4 12 6 11  2.2666667
4 12 6 14  2.2666667
4 12 6 15  2.2666667
4 13 7 10  2.2666667
4 13 7 11  2.2666667
4 13 7 14  2.2666667
4 13 7 15  2.2666667
4 8 2 10  2.2666667
4 8 2 11  2.2666667
4 8 2 14  2.2666667
4 8 2 15  2.2666667
4 9 3 10  2.2666667
4 9 3 11  2.2666667
4 9 3 14  2.2666667
4 9 3 15  2.2666667
4 12 6 10  2.2666667
4 12 6 11  2.2666667
4 12 6 14  2.2666667
4 12 6 15  2.2666667
4 13 7 10  2.2666667
4 13 7 11  2.2666667
4 13 7 14  2.2666667
4 13 7 15  2.2666667
5 8 2 10  2.2666667
5 8 2 11  2.2666667
5 8 2 14  2.2666667
5 8 2 15  2.2666667
5 9 3 10  2.2666667
5 9 3 11  2.2666667
5 9 3 14  2.2666667
5 9 3 15  2.2666667
5 12 6 10  2.2666667
5 12 6 11  2.2666667
5 12 6 14  2.2666667
5 12 6 15  2.2666667
5 13 7 10  2.2666667
5 13 7 11  2.2666667
5 13 7 14  2.2666667
5 13 7 15  2.2666667
5 8 2 10  2.2666667
5 8 2 11  2.2666667
5 8 2 14  2.2666667
5 8 2 15  2.2666667
5 9 3 10  2.2666667
5 9 3 11  2.2666667
5 9 3 14  2.2666667
5 9 3 15  2.2666667
5 12 6 10  2.2666667
5 12 6 11  2.2666667
5 12 6 14  2.2666667
5 12 6 15  2.2666667
5 13 7 10  2.2666667
5 13 7 11  2.2666667
5 13 7 14  2.2666667
5 13 7 15  2.2666667
5 8 2 10  2.2666667
5 8 2 11  2.2666667
5 8 2 14  2.2666667
5 8 2 15  2.2666667
5 9 3 10  2.2666667
5 9 3 11  2.2666667
5 9 3 14  2.2666667
5 9 3 15  2.2666667
5 12 6 10  2.2666667
5 12 6 11  2.2666667
5 12 6 14  2.2666667
5 12 6 15  2.2666667
5 13 7 10  2.2666667
5 13 7 11  2.2666667
5 13 7 14  2.2666667
5 13 7 15  2.2666667
5 8 2 10  2.2666667
5 8 2 11  2.2666667
5 8 2 14  2.2666667
5 8 2 15  2.2666667
5 9 3 10  2.2666667
5 9 3 11  2.2666667
5 9 3 14  2.2666667
5 9 3 15  2.2666667
5 12 6 10  2.2666667
5 12 6 11  2.2666667
5 12 6 14  2.2666667
5 12 6 15  2.2666667
5 13 7 10  2.2666667
5 13 7 11  2.2666667
5 13 7 14  2.2666667
5 13 7 15  2.2666667
